202101041
202101042
202101043
202101044
202101051
202101052
202101053
202101054
202101061
202101062
202101063
202101064
202101071
202101072
202101073
202101074
202101081
202101082
202101083
202101084
202101111
202101112
202101113
202101114
202101121
202101122
202101123
202101124
202101131
202101132
202101133
202101134
202101141
202101142
202101143
202101144
202101151
202101152
202101153
202101154
202101181
202101182
202101183
202101184
202101191
202101192
202101193
202101194
202101201
202101202
202101203
202101204
202101211
202101212
202101213
202101214
202101221
202101222
202101223
202101224
202101251
202101252
202101253
202101254
202101261
202101262
202101263
202101264
202101271
202101272
202101273
202101274
202101281
202101282
202101283
202101284
202101291
202101292
202101293
202101294
202102011
202102012
202102013
202102014
202102021
202102022
202102023
202102024
202102031
202102032
202102033
202102034
202102041
202102042
202102043
202102044
202102051
202102052
202102053
202102054
202102081
202102082
202102083
202102084
202102091
202102092
202102093
202102094
202102101
202102102
202102103
202102104
202102181
202102182
202102183
202102184
202102191
202102192
202102193
202102194
202102221
202102222
202102223
202102224
202102231
202102232
202102233
202102234
202102241
202102242
202102243
202102244
202102251
202102252
202102253
202102254
202102261
202102262
202102263
202102264
202103011
202103012
202103013
202103014
202103021
202103022
202103023
202103024
202103031
202103032
202103033
202103034
202103041
202103042
202103043
202103044
202103051
202103052
202103053
202103054
202103081
202103082
202103083
202103084
202103091
202103092
202103093
202103094
202103101
202103102
202103103
202103104
202103111
202103112
202103113
202103114
202103121
202103122
202103123
202103124
202103151
202103152
202103153
202103154
202103161
202103162
202103163
202103164
202103171
202103172
202103173
202103174
202103181
202103182
202103183
202103184
202103191
202103192
202103193
202103194
202103221
202103222
202103223
202103224
202103231
202103232
202103233
202103234
202103241
202103242
202103243
202103244
202103251
202103252
202103253
202103254
202103261
202103262
202103263
202103264
202103291
202103292
202103293
202103294
202103301
202103302
202103303
202103304
202103311
202103312
202103313
202103314
202104011
202104012
202104013
202104014
202104021
202104022
202104023
202104024
202104061
202104062
202104063
202104064
202104071
202104072
202104073
202104074
202104081
202104082
202104083
202104084
202104091
202104092
202104093
202104094
202104121
202104122
202104123
202104124
202104131
202104132
202104133
202104134
202104141
202104142
202104143
202104144
202104151
202104152
202104153
202104154
202104161
202104162
202104163
202104164
202104191
202104192
202104193
202104194
202104201
202104202
202104203
202104204
202104211
202104212
202104213
202104214
202104221
202104222
202104223
202104224
202104231
202104232
202104233
202104234
202104261
202104262
202104263
202104264
202104271
202104272
202104273
202104274
202104281
202104282
202104283
202104284
202104291
202104292
202104293
202104294
202104301
202104302
202104303
202104304
202105061
202105062
202105063
202105064
202105071
202105072
202105073
202105074
202105101
202105102
202105103
202105104
202105111
202105112
202105113
202105114
202105121
202105122
202105123
202105124
202105131
202105132
202105133
202105134
202105141
202105142
202105143
202105144
202105171
202105172
202105173
202105174
202105181
202105182
202105183
202105184
202105191
202105192
202105193
202105194
202105201
202105202
202105203
202105204
202105211
202105212
202105213
202105214
202105241
202105242
202105243
202105244
202105251
202105252
202105253
202105254
202105261
202105262
202105263
202105264
202105271
202105272
202105273
202105274
202105281
202105282
202105283
202105284
202105311
202105312
202105313
202105314
202106011
202106012
202106013
202106014
202106021
202106022
202106023
202106024
202106031
202106032
202106033
202106034
202106041
202106042
202106043
202106044
202106071
202106072
202106073
202106074
202106081
202106082
202106083
202106084
202106091
202106092
202106093
202106094
202106101
202106102
202106103
202106104
202106111
202106112
202106113
202106114
202106151
202106152
202106153
202106154
202106161
202106162
202106163
202106164
202106171
202106172
202106173
202106174
202106181
202106182
202106183
202106184
202106211
202106212
202106213
202106214
202106221
202106222
202106223
202106224
202106231
202106232
202106233
202106234
202106241
202106242
202106243
202106244
202106251
202106252
202106253
202106254
202106281
202106282
202106283
202106284
202106291
202106292
202106293
202106294
202106301
202106302
202106303
202106304
202107011
202107012
202107013
202107014
202107021
202107022
202107023
202107024
202107051
202107052
202107053
202107054
202107061
202107062
202107063
202107064
202107071
202107072
202107073
202107074
202107081
202107082
202107083
202107084
202107091
202107092
202107093
202107094
202107121
202107122
202107123
202107124
202107131
202107132
202107133
202107134
202107141
202107142
202107143
202107144
202107151
202107152
202107153
202107154
202107161
202107162
202107163
202107164
202107191
202107192
202107193
202107194
202107201
202107202
202107203
202107204
202107211
202107212
202107213
202107214
202107221
202107222
202107223
202107224
202107231
202107232
202107233
202107234
202107261
202107262
202107263
202107264
202107271
202107272
202107273
202107274
202107281
202107282
202107283
202107284
202107291
202107292
202107293
202107294
202107301
202107302
202107303
202107304
202108021
202108022
202108023
202108024
202108031
202108032
202108033
202108034
202108041
202108042
202108043
202108044
202108051
202108052
202108053
202108054
202108061
202108062
202108063
202108064
202108091
202108092
202108093
202108094
202108101
202108102
202108103
202108104
202108111
202108112
202108113
202108114
202108121
202108122
202108123
202108124
202108131
202108132
202108133
202108134
202108161
202108162
202108163
202108164
202108171
202108172
202108173
202108174
202108181
202108182
202108183
202108184
202108191
202108192
202108193
202108194
202108201
202108202
202108203
202108204
202108231
202108232
202108233
202108234
202108241
202108242
202108243
202108244
202108251
202108252
202108253
202108254
202108261
202108262
202108263
202108264
202108271
202108272
202108273
202108274
202108301
202108302
202108303
202108304
202108311
202108312
202108313
202108314
202109011
202109012
202109013
202109014
202109021
202109022
202109023
202109024
202109031
202109032
202109033
202109034
202109061
202109062
202109063
202109064
202109071
202109072
202109073
202109074
202109081
202109082
202109083
202109084
202109091
202109092
202109093
202109094
202109101
202109102
202109103
202109104
202109131
202109132
202109133
202109134
202109141
202109142
202109143
202109144
202109151
202109152
202109153
202109154
202109161
202109162
202109163
202109164
202109171
202109172
202109173
202109174
202109221
202109222
202109223
202109224
202109231
202109232
202109233
202109234
202109241
202109242
202109243
202109244
202109271
202109272
202109273
202109274
202109281
202109282
202109283
202109284
202109291
202109292
202109293
202109294
202109301
202109302
202109303
202109304
202110081
202110082
202110083
202110084
202110111
202110112
202110113
202110114
202110121
202110122
202110123
202110124
202110131
202110132
202110133
202110134
202110141
202110142
202110143
202110144
202110151
202110152
202110153
202110154
202110181
202110182
202110183
202110184
202110191
202110192
202110193
202110194
202110201
202110202
202110203
202110204
202110211
202110212
202110213
202110214
202110221
202110222
202110223
202110224
202110251
202110252
202110253
202110254
202110261
202110262
202110263
202110264
202110271
202110272
202110273
202110274
202110281
202110282
202110283
202110284
202110291
202110292
202110293
202110294
202111011
202111012
202111013
202111014
202111021
202111022
202111023
202111024
202111031
202111032
202111033
202111034
202111041
202111042
202111043
202111044
202111051
202111052
202111053
202111054
202111081
202111082
202111083
202111084
202111091
202111092
202111093
202111094
202111101
202111102
202111103
202111104
202111111
202111112
202111113
202111114
202111121
202111122
202111123
202111124
202111151
202111152
202111153
202111154
202111161
202111162
202111163
202111164
202111171
202111172
202111173
202111174
202111181
202111182
202111183
202111184
202111191
202111192
202111193
202111194
202111221
202111222
202111223
202111224
202111231
202111232
202111233
202111234
202111241
202111242
202111243
202111244
202111251
202111252
202111253
202111254
202111261
202111262
202111263
202111264
202111291
202111292
202111293
202111294
202111301
202111302
202111303
202111304
202112011
202112012
202112013
202112014
202112021
202112022
202112023
202112024
202112031
202112032
202112033
202112034
202112061
202112062
202112063
202112064
202112071
202112072
202112073
202112074
202112081
202112082
202112083
202112084
202112091
202112092
202112093
202112094
202112101
202112102
202112103
202112104
202112131
202112132
202112133
202112134
202112141
202112142
202112143
202112144
202112151
202112152
202112153
202112154
202112161
202112162
202112163
202112164
202112171
202112172
202112173
202112174
202112201
202112202
202112203
202112204
202112211
202112212
202112213
202112214
202112221
202112222
202112223
202112224
202112231
202112232
202112233
202112234
202112241
202112242
202112243
202112244
202112271
202112272
202112273
202112274
202112281
202112282
202112283
202112284
202112291
202112292
202112293
202112294
202112301
202112302
202112303
202112304
202112311
202112312
202112313
202112314
202201041
202201042
202201043
202201044
202201051
202201052
202201053
202201054
202201061
202201062
202201063
202201064
202201071
202201072
202201073
202201074
202201101
202201102
202201103
202201104
202201111
202201112
202201113
202201114
202201121
202201122
202201123
202201124
202201131
202201132
202201133
202201134
202201141
202201142
202201143
202201144
202201171
202201172
202201173
202201174
202201181
202201182
202201183
202201184
202201191
202201192
202201193
202201194
202201201
202201202
202201203
202201204
202201211
202201212
202201213
202201214
202201241
202201242
202201243
202201244
202201251
202201252
202201253
202201254
202201261
202201262
202201263
202201264
202201271
202201272
202201273
202201274
202201281
202201282
202201283
202201284
202202071
202202072
202202073
202202074
202202081
202202082
202202083
202202084
202202091
202202092
202202093
202202094
202202101
202202102
202202103
202202104
202202111
202202112
202202113
202202114
202202141
202202142
202202143
202202144
202202151
202202152
202202153
202202154
202202161
202202162
202202163
202202164
202202171
202202172
202202173
202202174
202202181
202202182
202202183
202202184
202202211
202202212
202202213
202202214
202202221
202202222
202202223
202202224
202202231
202202232
202202233
202202234
202202241
202202242
202202243
202202244
202202251
202202252
202202253
202202254
202202281
202202282
202202283
202202284
202203011
202203012
202203013
202203014
202203021
202203022
202203023
202203024
202203031
202203032
202203033
202203034
202203041
202203042
202203043
202203044
202203071
202203072
202203073
202203074
202203081
202203082
202203083
202203084
202203091
202203092
202203093
202203094
202203101
202203102
202203103
202203104
202203111
202203112
202203113
202203114
202203141
202203142
202203143
202203144
202203151
202203152
202203153
202203154
202203161
202203162
202203163
202203164
202203171
202203172
202203173
202203174
202203181
202203182
202203183
202203184
202203211
202203212
202203213
202203214
202203221
202203222
202203223
202203224
202203231
202203232
202203233
202203234
202203241
202203242
202203243
202203244
202203251
202203252
202203253
202203254
202203281
202203282
202203283
202203284
202203291
202203292
202203293
202203294
202203301
202203302
202203303
202203304
202203311
202203312
202203313
202203314
202204011
202204012
202204013
202204014
202204061
202204062
202204063
202204064
202204071
202204072
202204073
202204074
202204081
202204082
202204083
202204084
202204111
202204112
202204113
202204114
202204121
202204122
202204123
202204124
202204131
202204132
202204133
202204134
202204141
202204142
202204143
202204144
202204151
202204152
202204153
202204154
202204181
202204182
202204183
202204184
202204191
202204192
202204193
202204194
202204201
202204202
202204203
202204204
202204211
202204212
202204213
202204214
202204221
202204222
202204223
202204224
202204251
202204252
202204253
202204254
202204261
202204262
202204263
202204264
202204271
202204272
202204273
202204274
202204281
202204282
202204283
202204284
202204291
202204292
202204293
202204294
202205051
202205052
202205053
202205054
202205061
202205062
202205063
202205064
202205091
202205092
202205093
202205094
202205101
202205102
202205103
202205104
202205111
202205112
202205113
202205114
202205121
202205122
202205123
202205124
202205131
202205132
202205133
202205134
202205161
202205162
202205163
202205164
202205171
202205172
202205173
202205174
202205181
202205182
202205183
202205184
202205191
202205192
202205193
202205194
202205201
202205202
202205203
202205204
202205231
202205232
202205233
202205234
202205241
202205242
202205243
202205244
202205251
202205252
202205253
202205254
202205261
202205262
202205263
202205264
202205271
202205272
202205273
202205274
202205301
202205302
202205303
202205304
202205311
202205312
202205313
202205314
202206011
202206012
202206013
202206014
202206021
202206022
202206023
202206024
202206061
202206062
202206063
202206064
202206071
202206072
202206073
202206074
202206081
202206082
202206083
202206084
202206091
202206092
202206093
202206094
202206101
202206102
202206103
202206104
202206131
202206132
202206133
202206134
202206141
202206142
202206143
202206144
202206151
202206152
202206153
202206154
202206161
202206162
202206163
202206164
202206171
202206172
202206173
202206174
202206201
202206202
202206203
202206204
202206211
202206212
202206213
202206214
202206221
202206222
202206223
202206224
202206231
202206232
202206233
202206234
202206241
202206242
202206243
202206244
202206271
202206272
202206273
202206274
202206281
202206282
202206283
202206284
202206291
202206292
202206293
202206294
202206301
202206302
202206303
202206304
202207011
202207012
202207013
202207014
202207041
202207042
202207043
202207044
202207051
202207052
202207053
202207054
202207061
202207062
202207063
202207064
202207071
202207072
202207073
202207074
202207081
202207082
202207083
202207084
202207111
202207112
202207113
202207114
202207121
202207122
202207123
202207124
202207131
202207132
202207133
202207134
202207141
202207142
202207143
202207144
202207151
202207152
202207153
202207154
202207181
202207182
202207183
202207184
202207191
202207192
202207193
202207194
202207201
202207202
202207203
202207204
202207211
202207212
202207213
202207214
202207221
202207222
202207223
202207224
202207251
202207252
202207253
202207254
202207261
202207262
202207263
202207264
202207271
202207272
202207273
202207274
202207281
202207282
202207283
202207284
202207291
202207292
202207293
202207294
202208011
202208012
202208013
202208014
202208021
202208022
202208023
202208024
202208031
202208032
202208033
202208034
202208041
202208042
202208043
202208044
202208051
202208052
202208053
202208054
202208081
202208082
202208083
202208084
202208091
202208092
202208093
202208094
202208101
202208102
202208103
202208104
202208111
202208112
202208113
202208114
202208121
202208122
202208123
202208124
202208151
202208152
202208153
202208154
202208161
202208162
202208163
202208164
202208171
202208172
202208173
202208174
202208181
202208182
202208183
202208184
202208191
202208192
202208193
202208194
202208221
202208222
202208223
202208224
202208231
202208232
202208233
202208234
202208241
202208242
202208243
202208244
202208251
202208252
202208253
202208254
202208261
202208262
202208263
202208264
202208291
202208292
202208293
202208294
202208301
202208302
202208303
202208304
202208311
202208312
202208313
202208314
202209011
202209012
202209013
202209014
202209021
202209022
202209023
202209024
202209051
202209052
202209053
202209054
202209061
202209062
202209063
202209064
202209071
202209072
202209073
202209074
202209081
202209082
202209083
202209084
202209091
202209092
202209093
202209094
202209131
202209132
202209133
202209134
202209141
202209142
202209143
202209144
202209151
202209152
202209153
202209154
202209161
202209162
202209163
202209164
202209191
202209192
202209193
202209194
202209201
202209202
202209203
202209204
202209211
202209212
202209213
202209214
202209221
202209222
202209223
202209224
202209231
202209232
202209233
202209234
202209261
202209262
202209263
202209264
202209271
202209272
202209273
202209274
202209281
202209282
202209283
202209284
202209291
202209292
202209293
202209294
202209301
202209302
202209303
202209304
202210101
202210102
202210103
202210104
202210111
202210112
202210113
202210114
202210121
202210122
202210123
202210124
202210131
202210132
202210133
202210134
202210141
202210142
202210143
202210144
202210171
202210172
202210173
202210174
202210181
202210182
202210183
202210184
202210191
202210192
202210193
202210194
202210201
202210202
202210203
202210204
202210211
202210212
202210213
202210214
202210241
202210242
202210243
202210244
202210251
202210252
202210253
202210254
202210261
202210262
202210263
202210264
202210271
202210272
202210273
202210274
202210281
202210282
202210283
202210284
202210311
202210312
202210313
202210314
202211011
202211012
202211013
202211014
202211021
202211022
202211023
202211024
202211031
202211032
202211033
202211034
202211041
202211042
202211043
202211044
202211071
202211072
202211073
202211074
202211081
202211082
202211083
202211084
202211091
202211092
202211093
202211094
202211101
202211102
202211103
202211104
202211111
202211112
202211113
202211114
202211141
202211142
202211143
202211144
202211151
202211152
202211153
202211154
202211161
202211162
202211163
202211164
202211171
202211172
202211173
202211174
202211181
202211182
202211183
202211184
202211211
202211212
202211213
202211214
202211221
202211222
202211223
202211224
202211231
202211232
202211233
202211234
202211241
202211242
202211243
202211244
202211251
202211252
202211253
202211254
