34.500
34.920
34.300
35.000
35.800
34.710
35.600
35.710
34.160
34.840
35.010
35.220
36.050
35.820
34.430
35.120
34.030
32.600
32.830
33.200
34.810
34.250
33.700
33.610
32.750
33.050
33.310
33.610
32.300
31.950
31.520
31.190
31.890
32.260
32.720
31.940
32.460
32.010
33.100
33.450
34.460
34.750
34.600
34.500
35.710
34.930
34.590
34.760
38.240
38.240
38.240
38.240
39.450
39.960
39.670
39.800
40.910
40.840
40.750
41.000
41.930
41.730
41.950
41.990
40.030
39.900
40.590
40.820
40.300
40.300
40.260
40.300
41.710
40.690
40.660
40.650
41.070
42.730
41.420
41.550
41.930
41.500
40.600
41.090
39.970
39.850
39.630
39.610
39.640
41.000
40.250
40.230
39.810
39.290
39.960
39.800
40.540
40.480
40.750
39.830
39.000
39.790
40.450
40.400
39.700
40.170
40.440
40.570
39.100
39.320
40.020
39.580
37.670
37.880
38.770
38.370
38.200
38.360
39.400
39.110
38.020
37.250
36.600
36.190
36.360
36.380
37.600
37.680
36.710
36.280
37.050
36.900
36.780
37.890
37.730
37.650
36.500
35.750
35.550
35.560
36.690
36.670
36.660
37.340
37.170
36.900
36.570
36.860
36.420
36.710
36.340
36.580
35.150
35.120
35.620
35.700
35.140
35.350
35.640
35.490
34.330
33.230
31.970
31.940
30.460
30.320
31.250
30.480
31.140
31.270
31.440
31.620
33.090
33.380
32.980
32.970
32.430
33.010
33.100
33.310
32.560
32.190
31.970
31.930
31.930
32.350
32.900
32.750
34.250
34.160
34.930
35.130
35.180
35.020
35.310
35.040
35.400
35.670
35.420
35.650
36.350
36.650
36.530
36.800
36.750
36.250
35.910
35.860
35.800
35.830
35.720
36.220
35.410
35.800
36.000
35.850
36.140
37.610
38.180
37.550
39.190
39.000
38.770
38.680
40.850
40.250
39.710
39.770
38.590
38.580
38.200
38.230
39.380
39.480
40.040
40.100
41.930
41.100
39.270
40.000
38.480
38.580
38.630
38.580
37.390
37.480
37.570
38.180
38.600
39.940
39.450
39.700
39.420
40.140
39.540
39.910
39.920
39.160
39.160
39.500
39.820
39.300
39.070
39.200
39.900
39.240
39.240
39.410
40.350
40.460
40.310
40.450
39.180
40.040
39.800
39.400
40.230
40.890
41.400
41.200
43.210
43.380
43.150
43.200
42.820
44.070
43.290
43.550
43.000
42.990
42.950
43.300
44.760
45.010
44.680
44.920
44.700
42.300
41.400
41.510
41.510
41.680
42.460
42.690
43.400
43.200
43.440
43.800
42.770
43.000
42.570
42.500
42.960
43.790
43.230
43.260
41.180
40.610
41.840
41.560
42.000
40.680
40.860
40.100
40.280
40.860
40.550
40.540
40.740
41.660
41.970
41.700
42.380
41.660
42.670
43.030
41.770
42.450
42.020
41.930
43.220
42.650
42.740
42.680
44.120
43.810
43.560
43.870
42.880
43.320
42.950
43.010
43.470
43.170
43.170
42.600
44.170
44.970
46.600
45.990
44.680
45.410
45.760
45.500
43.900
45.300
46.700
47.330
47.200
47.000
47.660
47.480
47.440
47.640
47.480
47.400
47.210
46.260
46.300
47.370
44.800
42.630
42.630
42.640
43.340
43.330
44.200
44.350
43.260
44.160
44.630
44.310
44.100
42.850
43.350
43.210
43.600
43.490
43.290
42.820
42.580
40.800
41.290
43.430
44.110
43.820
43.930
43.850
44.920
43.820
42.790
43.200
42.300
42.400
42.210
42.260
42.020
43.190
42.760
43.090
42.300
41.990
41.780
41.880
41.770
42.160
42.500
42.210
40.940
40.610
40.100
40.140
42.010
42.270
42.110
42.350
45.120
46.230
46.260
46.590
47.530
49.530
48.700
49.120
49.970
50.660
50.660
51.260
51.220
51.000
51.020
51.160
48.880
48.120
47.960
48.150
49.120
47.900
48.200
48.200
49.700
49.420
48.950
49.200
48.670
48.410
48.550
48.990
47.920
48.870
48.380
48.580
47.850
47.500
47.960
48.180
46.780
46.160
45.800
45.720
46.000
45.050
45.150
45.180
42.600
41.780
42.190
42.100
45.980
46.310
46.310
46.310
44.910
45.410
44.470
44.190
43.480
43.000
43.890
43.970
46.160
47.300
46.740
47.000
46.530
45.690
45.780
45.900
47.220
46.880
47.270
46.120
45.300
45.190
45.670
45.930
47.090
46.310
45.780
45.610
44.820
44.540
44.990
44.870
46.100
45.870
45.850
45.930
46.550
46.560
47.100
47.280
46.250
46.530
46.130
45.860
44.010
43.190
44.200
44.600
43.500
42.980
43.370
44.000
43.940
44.180
44.680
43.280
43.030
43.410
43.720
44.900
45.570
46.680
46.970
48.180
47.030
46.880
46.340
47.130
45.660
46.600
47.130
46.670
48.300
48.770
47.790
48.200
47.990
47.730
47.900
47.160
49.010
49.920
49.820
49.480
48.030
47.810
48.090
48.340
47.700
46.960
46.890
46.690
45.940
45.500
45.770
45.900
45.180
44.670
44.690
44.720
44.730
45.160
45.180
45.120
46.150
47.850
47.140
47.370
47.140
47.190
46.510
46.200
48.080
47.240
46.590
46.000
46.720
45.580
45.840
45.420
46.300
47.500
47.820
48.800
47.290
45.860
45.950
45.780
45.220
43.170
45.010
44.120
45.640
45.810
45.810
45.400
44.550
44.970
45.480
45.220
43.650
42.900
42.250
42.390
42.440
41.680
41.350
41.020
41.710
40.720
40.420
40.450
40.000
39.430
39.760
40.300
39.600
41.410
42.030
42.270
42.640
42.170
42.290
41.810
40.650
41.750
41.380
41.550
43.270
44.000
44.650
44.610
43.960
43.680
43.970
44.830
43.990
43.890
43.990
43.880
43.190
42.910
43.520
43.680
42.940
42.820
42.740
42.860
42.550
42.210
42.200
42.640
44.580
43.890
44.100
44.280
47.190
48.600
48.550
48.710
48.990
49.900
49.820
50.100
50.170
51.010
50.000
50.250
51.060
51.140
51.400
52.000
51.620
50.880
51.060
50.860
52.280
52.970
51.700
51.800
52.580
52.930
52.580
53.100
55.750
55.360
55.060
54.300
55.330
55.580
55.950
55.470
54.970
55.000
55.000
55.090
56.250
55.280
55.620
55.250
52.570
52.600
53.290
53.220
54.180
54.000
53.190
53.520
53.650
55.000
55.420
55.620
54.110
53.950
54.310
54.770
54.740
54.210
54.790
54.740
53.990
53.440
53.580
54.100
55.050
54.500
54.570
54.910
49.420
49.420
49.420
49.420
49.380
48.820
48.400
49.380
49.980
49.640
50.270
50.350
49.640
49.400
49.740
50.280
50.970
51.400
50.880
50.620
50.110
50.100
49.860
50.200
50.490
50.330
50.690
50.350
52.680
52.800
52.380
52.340
50.190
51.760
51.340
51.170
49.280
49.040
48.280
48.760
47.240
47.620
46.700
47.310
45.800
45.950
44.940
45.890
46.040
45.810
45.890
45.950
44.900
44.700
44.980
44.920
45.940
46.160
45.720
46.040
48.270
48.110
48.420
48.510
52.910
50.630
51.420
51.510
51.590
50.640
51.190
51.350
50.800
50.780
50.670
50.710
53.770
53.850
53.900
54.200
55.600
56.250
56.470
56.110
57.270
56.610
55.410
55.660
54.790
54.390
54.420
54.100
54.450
54.000
53.640
53.780
52.150
53.300
53.420
53.550
56.750
55.340
56.500
56.290
55.910
56.380
58.120
57.370
60.770
60.910
60.490
60.340
60.270
60.330
60.340
60.210
59.150
59.230
59.640
59.940
59.140
59.480
59.190
59.080
58.100
57.930
58.380
58.430
58.320
58.600
58.040
58.470
57.230
57.580
57.330
57.440
57.050
56.730
56.770
57.010
59.190
60.380
60.270
60.490
60.390
60.030
61.150
61.410
61.010
60.420
59.690
58.720
60.090
59.630
59.380
59.560
60.140
59.420
59.640
59.520
58.710
58.200
58.260
55.000
56.980
56.500
57.100
56.980
55.280
54.920
54.910
54.900
52.350
51.980
52.310
52.430
53.790
53.420
53.350
53.300
54.180
54.310
54.240
53.990
54.510
55.140
55.230
55.300
56.100
55.800
54.910
55.660
53.960
54.340
55.570
56.500
55.080
55.140
56.930
56.680
57.680
57.930
57.460
57.870
57.940
58.070
58.200
58.110
57.540
57.150
55.890
56.260
52.890
52.390
51.370
51.050
49.650
49.780
49.360
49.210
49.000
49.210
49.800
50.090
47.830
48.140
48.180
48.380
49.790
49.930
49.710
49.700
50.180
50.530
51.240
50.900
51.770
51.040
51.450
51.780
51.110
51.750
51.100
51.050
50.820
50.280
50.190
49.900
50.980
51.380
51.300
51.000
51.750
51.810
51.380
51.380
47.310
46.340
46.340
47.130
45.700
45.420
45.190
45.380
45.300
45.250
45.300
45.200
45.170
45.240
45.770
45.930
47.100
46.630
46.850
46.160
44.650
44.560
44.220
44.400
43.700
43.290
43.230
42.900
42.290
42.590
43.600
43.500
43.860
43.890
44.010
44.000
42.590
42.010
42.880
42.960
40.830
41.750
42.090
42.510
40.310
40.850
40.110
40.200
39.870
39.580
39.790
39.600
40.900
40.210
40.480
40.130
43.180
43.300
42.920
43.510
42.560
42.880
42.700
42.420
41.510
42.270
41.900
41.990
41.720
41.750
41.740
41.820
42.060
42.300
43.570
43.450
42.120
42.230
42.530
42.400
43.960
44.500
44.910
45.010
45.430
44.370
43.800
43.990
47.600
47.510
47.760
47.710
48.790
47.680
47.580
47.860
49.490
49.130
49.440
49.590
47.190
47.660
47.000
47.400
48.040
47.410
47.230
47.460
50.520
48.830
48.710
49.010
48.430
49.270
48.780
48.800
49.850
49.350
49.330
48.400
47.160
46.290
45.050
46.500
48.140
50.400
51.000
51.050
51.200
50.750
51.550
51.710
51.840
53.000
52.380
52.880
50.840
52.050
51.180
50.020
48.270
48.750
50.650
50.540
53.260
54.450
51.920
49.010
47.500
47.370
47.010
46.850
47.460
47.020
46.640
50.160
47.750
47.500
46.800
46.490
47.640
48.330
48.250
48.180
49.810
51.000
51.790
51.470
49.620
49.240
48.500
48.180
48.800
48.400
49.150
49.600
49.560
49.700
50.010
49.190
48.690
49.060
48.710
48.470
49.280
48.610
47.950
48.480
47.100
46.840
46.230
46.420
45.600
46.850
46.870
47.100
45.330
44.300
44.750
44.290
43.980
44.530
44.430
44.270
43.080
43.440
44.150
43.500
43.840
43.730
45.220
45.830
44.410
44.030
44.770
44.180
44.330
44.590
45.200
44.640
45.430
45.500
46.440
46.180
45.830
45.710
45.950
46.490
46.280
46.320
45.960
46.440
45.790
44.810
44.600
44.700
45.290
44.680
44.860
44.580
45.320
45.500
46.290
45.480
44.160
43.830
43.950
43.300
45.660
45.960
45.680
44.850
45.210
45.820
46.320
46.200
46.850
46.650
45.850
46.290
46.090
46.000
46.970
47.180
44.710
45.050
46.600
46.280
45.000
45.060
45.630
45.370
45.260
44.950
45.640
46.910
50.200
49.490
49.880
49.950
52.080
51.560
50.920
50.640
50.640
50.900
50.620
50.900
49.300
48.920
50.090
50.530
50.280
49.810
49.700
49.790
49.300
49.410
50.010
49.720
49.360
49.360
49.750
49.210
48.950
50.050
48.850
49.100
48.150
48.150
48.250
48.700
47.900
48.010
48.980
48.570
47.390
47.400
46.940
46.220
45.560
46.480
46.290
46.250
46.500
46.290
46.080
45.900
45.850
45.600
45.250
45.800
45.100
44.180
44.410
44.730
44.910
45.800
46.820
47.580
46.060
45.100
44.950
45.030
42.370
42.220
43.620
43.800
44.860
45.410
45.500
45.500
46.890
46.840
46.550
46.450
48.420
48.100
48.500
48.690
47.170
47.490
47.410
47.460
47.380
47.360
46.980
47.160
44.550
44.710
46.000
46.660
46.640
46.440
47.170
47.200
47.860
49.020
49.050
48.350
48.100
48.800
48.830
48.830
49.000
48.050
48.950
48.990
48.300
48.420
48.130
48.200
49.250
49.800
48.920
49.150
48.650
48.600
48.680
48.060
46.250
46.500
47.420
47.180
48.620
49.430
49.410
50.300
50.790
51.220
50.810
51.000
49.110
49.570
49.190
49.520
49.560
49.120
49.330
49.150
50.850
50.800
52.130
51.700
50.570
50.580
50.510
50.270
52.940
53.510
54.180
54.960
54.870
55.930
55.520
56.510
57.480
56.760
55.860
56.000
54.810
55.470
54.680
54.900
55.460
55.510
55.290
55.310
54.350
54.280
53.980
54.790
53.340
53.450
54.050
53.800
53.180
52.670
52.520
52.050
53.160
52.810
53.920
53.990
52.790
52.910
52.890
52.310
51.730
52.350
51.690
51.880
51.370
50.830
50.450
50.920
51.680
51.150
51.130
51.130
51.140
50.850
50.720
50.830
49.570
49.460
49.130
49.240
49.590
49.010
48.900
48.950
48.860
49.020
48.840
48.900
48.250
48.240
48.430
48.110
49.150
49.500
50.000
49.940
47.860
47.040
46.620
46.850
47.170
46.760
47.020
47.300
46.690
45.740
46.260
45.990
44.800
45.350
45.550
45.030
46.880
46.250
46.600
46.870
45.140
44.940
44.390
44.680
45.100
45.130
44.710
44.710
43.000
42.970
42.880
43.530
42.530
42.380
41.440
41.820
42.340
43.340
42.930
43.180
42.790
42.670
42.780
42.990
43.480
43.380
43.390
43.300
42.160
42.490
42.500
42.460
42.800
42.540
42.550
42.650
41.870
42.050
41.950
42.010
41.850
41.980
41.660
41.390
41.240
41.380
41.460
41.650
40.980
41.080
41.160
40.850
40.200
40.160
39.990
39.830
39.400
39.510
39.300
40.190
40.880
40.280
40.110
40.180
40.280
40.430
40.170
40.340
39.320
39.360
39.570
39.860
40.770
40.440
40.940
41.050
42.500
42.190
41.470
41.380
40.620
40.810
39.990
40.220
40.140
40.110
39.930
40.150
40.180
40.310
40.360
40.680
40.060
40.010
39.590
39.520
39.470
39.300
39.250
38.900
39.460
39.320
39.230
39.380
36.080
35.740
35.900
35.910
37.380
37.310
36.930
36.950
38.680
38.450
37.840
37.820
37.140
36.930
36.700
36.400
35.930
36.630
36.330
36.740
36.810
36.850
36.960
37.090
36.090
35.970
36.260
36.010
35.750
35.520
35.580
35.510
35.560
35.300
35.620
35.550
36.270
36.310
36.480
36.170
37.100
36.980
37.740
38.140
38.330
38.070
37.960
37.880
39.180
39.610
39.500
39.370
38.890
39.140
39.140
39.180
38.980
38.610
38.270
38.200
37.670
37.610
37.730
37.500
36.710
36.120
36.950
37.600
40.020
40.420
40.460
40.300
42.080
43.160
44.050
43.530
41.140
42.000
41.590
41.600
41.310
41.660
41.390
41.400
40.990
40.800
40.590
40.650
40.020
39.690
39.260
38.560
37.730
37.960
38.280
38.560
36.700
36.590
35.990
36.260
35.880
36.520
36.690
36.490
38.680
38.490
37.080
37.160
36.640
36.780
36.800
36.380
36.960
36.940
36.710
36.300
35.020
35.810
35.400
35.520
36.030
36.060
37.140
37.780
37.890
37.890
38.400
37.500
37.510
37.940
37.590
37.730
37.810
38.130
38.070
38.200
38.320
38.420
38.610
40.360
40.820
40.840
40.560
40.420
41.530
41.470
41.950
41.830
41.160
41.030
40.800
40.550
44.050
43.900
43.930
42.400
42.640
43.690
42.980
43.490
42.670
43.350
43.280
43.860
44.540
44.280
44.530
44.300
43.760
43.470
43.900
44.050
43.080
43.330
43.850
43.670
43.410
43.310
43.560
43.670
42.630
42.790
42.550
42.700
41.620
41.700
42.040
42.020
41.930
41.630
41.680
41.880
41.080
40.940
41.060
41.240
